1 10
100 200
201 210
900 1000
234234 423456
50988 3
3013 9670
4349 2394
1722 4767
2984 9864
1160 1488
8396 4017
3588 5372
210 2969
3678 5795
5379 8256
3441 7628
2996 7501
9206 9431
8803 2284
795 4980
9679 7379
469 4242
5282 744
3919 5727
4900 6048
39 4515
3812 2111
4736 1783
1442 8520
6285 686
9688 4327
2578 7942
4566 8017
5930 5155
2476 7968
2831 8046
7277 426
2062 2312
782 8576
8313 2038
726 1991
5538 3487
5792 7255
9150 8414
9041 8095
3304 3113
8904 3616
2701 5991
5822 7129
4935 402
4003 3276
122 5631
1518 5805
5271 9082
6625 4803
1589 51
4357 9777
4216 5694
6728 8204
7735 2171
7141 4070
2753 4424
461 2008
8678 1556
659 7112
1976 8657
4809 2947
7402 3801
2814 3994
2220 8772
4988 448
3301 3638
7535 4860
3501 3595
5228 378
6584 7393
994 8942
8305 9581
4485 3107
6945 1616
9124 1190
9035 364
7971 2732
7002 2058
595 5130
4796 6713
2845 2272
8045 6447
8484 6925
7491 1420
2976 8397
1622 1726
1065 2609
2568 1387
4906 9248
1734 7401
6067 7638
5799 9803
7209 1086
6600 3572
2836 6435
6164 7630
8082 2681
2099 7465
744 7829
2749 9932
9036 46
9753 4547